name,cost,efficacy
s1,0.65,9.39
s2,0.96,3.84
s3,0.12,3.75
s4,0.72,4.82
s5,0.97,2.43
s6,0.99,4.61
s7,0.72,4.37
s8,0.83,3.1
s9,0.29,3.17
s10,0.19,9.04
s11,0.94,9.29
s12,0.62,9.02
s13,0.29,8.37
s14,0.56,6.76
s15,0.29,5.61
s16,0.34,7.92
s17,0.42,8.95
s18,0.63,3.88
s19,0.5,7.05
s20,0.69,9.81
s21,0.71,8.86
s22,0.42,7.25
s23,0.64,7.33
s24,0.75,1.55
s25,0.34,5.11
s26,0.68,2.84
s27,0.95,5.88
s28,0.32,6.32
s29,0.73,9.13
s30,0.43,7.57
s31,0.53,4.46
s32,0.91,3.98
s33,0.9,9.89
s34,0.96,9.59
s35,0.89,5.24
s36,0.22,1.69
s37,0.93,4.19
s38,0.23,3.15
s39,0.24,8.19
s40,0.66,4.33
s41,1.0,1.16
s42,0.11,4.63
s43,0.84,8.05
s44,0.77,4.81
s45,0.98,5.35
s46,0.93,1.53
s47,0.9,3.84
s48,0.88,6.69
s49,0.3,9.17
s50,0.79,7.31
s51,0.49,5.08
s52,0.59,2.78
s53,0.36,2.96
s54,0.56,3.24
s55,0.19,9.92
s56,0.29,1.75
s57,0.66,3.05
s58,0.15,7.66
s59,0.95,9.5
s60,0.21,4.36
s61,0.25,8.28
s62,0.94,5.25
s63,0.47,9.75
s64,0.8,2.73
s65,0.77,8.51
s66,0.15,8.87
s67,0.14,4.39
s68,0.91,5.23
s69,0.7,8.75
s70,0.77,2.62
s71,0.99,1.82
s72,0.93,6.06
s73,0.31,2.84
s74,0.49,9.77
s75,0.61,2.55
s76,0.71,9.51
s77,0.53,7.34
s78,0.59,6.66
s79,0.86,2.65
s80,0.42,6.34
s81,0.68,7.27
s82,0.85,7.36
s83,0.5,7.93
s84,0.3,4.14
s85,0.13,1.97
s86,0.73,9.05
s87,0.24,4.58
s88,0.75,5.36
s89,0.28,5.44
s90,0.93,2.58
s91,0.19,2.06
s92,0.91,2.7
s93,0.34,6.36
s94,0.2,1.94
s95,0.17,1.98
s96,0.32,1.18
s97,0.1,1.31
s98,0.76,9.44
s99,0.97,8.54
s100,0.13,7.94

name,s1,s2,s3,s4,s5,s6,s7,s8,s9,s10,s11,s12,s13,s14,s15,s16,s17,s18,s19,s20,s21,s22,s23,s24,s25,s26,s27,s28,s29,s30,s31,s32,s33,s34,s35,s36,s37,s38,s39,s40,s41,s42,s43,s44,s45,s46,s47,s48,s49,s50,s51,s52,s53,s54,s55,s56,s57,s58,s59,s60,s61,s62,s63,s64,s65,s66,s67,s68,s69,s70,s71,s72,s73,s74,s75,s76,s77,s78,s79,s80,s81,s82,s83,s84,s85,s86,s87,s88,s89,s90,s91,s92,s93,s94,s95,s96,s97,s98,s99,s100
s1,0,-1.72,2.99,-0.32,-2.23,-1.63,-0.35,-1.13,2.24,0.16,-0.03,0.01,0.37,0.24,1.36,0.46,0.1,0.11,0.35,0.02,-0.03,0.49,0.02,-0.78,1.33,-0.2,-1.05,1.01,-0.02,0.4,0.59,-1.41,0.12,0.06,-1.0,3.31,-1.46,2.62,0.49,-0.05,-2.88,2.57,-0.25,-0.55,-1.33,-2.2,-1.39,-0.62,0.08,-0.29,0.69,0.4,1.86,0.55,-0.24,2.75,-0.06,0.87,0.03,2.21,0.44,-1.2,-0.06,-1.0,-0.11,0.26,2.55,-1.08,-0.03,-0.81,-2.57,-0.93,2.23,-0.06,0.27,0.01,0.25,0.16,-1.42,0.7,-0.06,-0.41,0.22,1.84,3.86,-0.03,1.97,-0.4,1.46,-1.91,3.37,-1.74,0.94,3.35,3.56,2.71,4.44,0.01,-0.27,0.75
s2,-1.72,0,0.08,-0.24,-0.01,0.02,-0.13,0.1,0.45,-4.0,-0.11,-1.76,-3.04,-1.17,-1.19,-2.53,-2.76,-0.01,-1.48,-1.61,-1.25,-1.84,-1.12,0.48,-0.79,0.28,-0.02,-1.59,-1.22,-1.98,-0.27,-0.01,-0.36,0.0,-0.1,1.59,-0.01,0.5,-3.13,-0.15,-0.11,-0.67,-0.51,-0.18,0.03,0.07,-0.0,-0.23,-3.52,-0.59,-0.58,0.39,0.53,0.24,-4.68,1.4,0.24,-3.09,-0.06,-0.39,-3.15,-0.03,-2.9,0.18,-0.89,-4.07,-0.45,-0.07,-1.28,0.23,-0.06,-0.07,0.65,-2.79,0.45,-1.42,-1.5,-1.04,0.12,-1.35,-0.96,-0.39,-1.88,-0.2,1.55,-1.2,-0.53,-0.32,-1.09,0.04,1.37,0.06,-1.56,1.44,1.47,1.7,2.18,-1.12,0.05,-3.4
s3,2.99,0.08,0,0.64,-1.12,0.75,0.37,-0.46,-0.1,0.37,4.54,2.63,0.79,1.32,0.32,0.92,1.56,0.07,1.25,3.45,3.01,1.05,1.86,-1.39,0.3,-0.51,1.77,0.51,3.28,1.18,0.29,0.18,4.79,4.91,1.15,-0.21,0.36,-0.07,0.53,0.31,-2.28,-0.01,3.1,0.69,1.38,-1.8,0.07,2.23,0.98,2.39,0.49,-0.46,-0.19,-0.22,0.43,-0.34,-0.38,0.12,4.77,0.05,0.59,1.23,2.1,-0.69,3.09,0.15,0.01,1.17,2.9,-0.73,-1.68,1.87,-0.17,2.23,-0.59,3.4,1.47,1.37,-0.81,0.78,1.97,2.64,1.59,0.07,-0.02,3.23,0.1,1.01,0.27,-0.95,-0.12,-0.83,0.57,-0.14,-0.09,-0.51,0.05,3.64,4.07,0.04
s4,-0.32,-0.24,0.64,0,-0.6,-0.06,-0.0,-0.19,0.71,-2.24,0.98,-0.42,-1.53,-0.31,-0.34,-1.18,-1.24,0.08,-0.49,-0.15,-0.04,-0.73,-0.2,-0.1,-0.11,0.08,0.24,-0.6,0.04,-0.8,0.07,-0.16,0.91,1.14,0.07,1.57,-0.13,0.82,-1.62,0.03,-1.02,0.12,0.39,-0.0,0.14,-0.69,-0.18,0.3,-1.83,0.17,-0.06,0.27,0.67,0.25,-2.7,1.32,0.11,-1.62,1.08,0.23,-1.63,0.09,-1.23,-0.17,0.18,-2.31,0.25,0.08,-0.08,-0.11,-0.81,0.26,0.81,-1.14,0.25,-0.05,-0.48,-0.24,-0.3,-0.46,-0.1,0.33,-0.68,0.29,1.68,0.04,0.12,0.02,-0.27,-0.47,1.46,-0.4,-0.59,1.5,1.56,1.46,2.18,0.18,0.93,-1.84
s5,-2.23,-0.01,-1.12,-0.6,0,0.04,-0.48,-0.09,-0.5,-5.16,-0.21,-2.31,-4.04,-1.78,-2.16,-3.46,-3.59,-0.49,-2.17,-2.07,-1.67,-2.65,-1.62,0.19,-1.69,-0.12,-0.07,-2.53,-1.61,-2.78,-0.89,-0.09,-0.52,-0.07,-0.22,0.56,-0.07,-0.53,-4.2,-0.59,-0.04,-1.89,-0.73,-0.48,0.03,0.04,-0.1,-0.38,-4.52,-0.88,-1.27,-0.13,-0.32,-0.33,-5.84,0.46,-0.19,-4.29,-0.14,-1.47,-4.21,-0.08,-3.66,-0.05,-1.22,-5.28,-1.63,-0.17,-1.71,-0.04,-0.01,-0.15,-0.27,-3.52,-0.04,-1.84,-2.16,-1.61,-0.02,-2.15,-1.4,-0.59,-2.58,-1.15,0.39,-1.59,-1.57,-0.64,-2.08,-0.01,0.29,-0.02,-2.48,0.38,0.36,0.81,0.97,-1.47,0.0,-4.63
s6,-1.63,0.02,0.75,-0.06,0.04,0,0.06,0.24,1.01,-3.54,-0.23,-1.63,-2.63,-0.92,-0.7,-2.15,-2.47,0.26,-1.2,-1.56,-1.19,-1.5,-0.95,0.73,-0.32,0.55,-0.05,-1.15,-1.18,-1.66,0.07,0.05,-0.48,-0.15,-0.06,2.25,0.03,1.11,-2.68,0.09,-0.03,-0.02,-0.52,-0.04,-0.01,0.18,0.07,-0.23,-3.15,-0.54,-0.23,0.73,1.04,0.59,-4.25,2.0,0.51,-2.56,-0.2,0.2,-2.72,-0.03,-2.67,0.36,-0.86,-3.58,0.19,-0.05,-1.2,0.44,-0.0,-0.09,1.2,-2.58,0.78,-1.37,-1.26,-0.82,0.25,-0.99,-0.82,-0.39,-1.63,0.32,2.27,-1.15,0.02,-0.18,-0.59,0.12,2.04,0.15,-1.14,2.11,2.16,2.3,2.94,-1.11,-0.08,-2.86
s7,-0.35,-0.13,0.37,0.0,-0.48,0.06,0,-0.14,0.52,-2.48,1.08,-0.46,-1.72,-0.38,-0.53,-1.35,-1.37,0.04,-0.59,-0.16,-0.04,-0.86,-0.24,-0.08,-0.28,0.06,0.35,-0.78,0.05,-0.93,-0.02,-0.07,0.99,1.25,0.15,1.34,-0.04,0.6,-1.83,0.0,-0.9,-0.16,0.44,0.02,0.25,-0.6,-0.1,0.37,-2.02,0.21,-0.16,0.21,0.51,0.18,-2.94,1.13,0.08,-1.88,1.18,0.01,-1.84,0.19,-1.34,-0.13,0.21,-2.56,-0.01,0.16,-0.09,-0.09,-0.69,0.35,0.63,-1.24,0.2,-0.05,-0.56,-0.3,-0.24,-0.59,-0.12,0.39,-0.78,0.1,1.42,0.05,-0.1,0.03,-0.47,-0.38,1.22,-0.32,-0.76,1.26,1.31,1.28,1.9,0.2,1.04,-2.11
s8,-1.13,0.1,-0.46,-0.19,-0.09,0.24,-0.14,0,-0.04,-3.8,0.68,-1.24,-2.85,-0.99,-1.36,-2.36,-2.4,-0.16,-1.3,-0.94,-0.69,-1.7,-0.8,0.12,-0.98,0.04,0.33,-1.64,-0.6,-1.79,-0.41,0.07,0.48,0.84,0.13,0.86,0.11,-0.03,-3.0,-0.21,-0.33,-1.1,0.05,-0.1,0.34,-0.16,0.05,0.18,-3.22,-0.17,-0.67,0.08,0.07,-0.04,-4.36,0.73,0.01,-3.1,0.77,-0.78,-3.0,0.24,-2.39,0.01,-0.32,-3.92,-0.89,0.17,-0.73,0.03,-0.2,0.3,0.14,-2.27,0.12,-0.77,-1.27,-0.85,-0.01,-1.33,-0.63,0.09,-1.59,-0.55,0.79,-0.59,-0.87,-0.18,-1.29,-0.05,0.67,-0.03,-1.6,0.73,0.74,0.98,1.31,-0.44,0.76,-3.39
s9,2.24,0.45,-0.1,0.71,-0.5,1.01,0.52,-0.04,0,-0.59,3.98,1.93,0.0,0.97,0.0,0.24,0.75,0.24,0.81,2.66,2.39,0.53,1.46,-0.75,0.1,-0.13,1.79,0.09,2.62,0.62,0.31,0.5,4.1,4.3,1.24,0.1,0.65,0.0,-0.25,0.43,-1.43,-0.26,2.68,0.79,1.5,-1.05,0.41,2.08,0.06,2.07,0.38,-0.12,-0.01,0.02,-0.67,-0.0,-0.04,-0.63,4.18,-0.1,-0.2,1.35,1.18,-0.22,2.56,-0.8,-0.18,1.28,2.29,-0.26,-0.94,1.85,-0.01,1.32,-0.2,2.66,1.0,1.05,-0.3,0.41,1.6,2.35,1.0,0.01,0.19,2.59,-0.07,1.01,-0.02,-0.38,0.11,-0.29,0.16,0.11,0.14,-0.06,0.35,2.95,3.65,-0.76
s10,0.16,-4.0,0.37,-2.24,-5.16,-3.54,-2.48,-3.8,-0.59,0,0.19,-0.01,-0.07,-0.84,-0.34,-0.17,-0.02,-2.27,-0.62,0.39,-0.09,-0.41,-0.77,-4.19,-0.59,-3.04,-2.4,-0.35,0.05,-0.35,-1.56,-3.64,0.6,0.42,-2.66,-0.22,-3.59,-0.24,-0.04,-2.21,-6.38,0.35,-0.64,-2.45,-2.92,-5.56,-3.69,-1.62,0.01,-1.04,-1.19,-2.5,-1.03,-2.15,0.0,-0.73,-2.82,0.06,0.35,-0.09,-0.05,-2.84,0.2,-3.85,-0.31,0.01,0.23,-2.74,-0.15,-3.72,-5.78,-2.21,-0.74,0.22,-2.73,0.24,-0.58,-0.95,-4.28,-0.62,-0.87,-1.11,-0.34,-0.54,0.42,0.01,-0.22,-2.06,-0.32,-4.78,-0.0,-4.56,-0.4,-0.07,0.14,-1.02,0.7,0.23,-0.39,0.07
s11,-0.03,-0.11,4.54,0.98,-0.21,-0.23,1.08,0.68,3.98,0.19,0,0.09,0.6,0.96,2.39,0.82,0.18,1.68,0.99,-0.13,0.1,1.06,0.59,1.47,2.51,1.68,-0.03,1.84,0.03,0.88,1.98,0.16,-0.02,0.01,0.2,5.47,0.05,4.36,0.77,1.39,-0.49,3.87,0.12,0.76,-0.16,0.08,0.22,0.16,0.08,0.3,1.89,2.28,3.67,2.3,-0.47,4.9,1.75,1.29,0.0,3.6,0.7,-0.0,-0.22,0.92,0.13,0.33,3.92,0.12,0.13,1.13,-0.37,0.03,4.06,-0.22,2.22,-0.05,0.8,0.92,0.53,1.53,0.53,0.17,0.6,3.3,5.93,0.05,3.3,0.75,2.54,0.07,5.42,0.2,1.76,5.44,5.63,5.03,6.7,-0.03,-0.02,1.09
s12,0.01,-1.76,2.63,-0.42,-2.31,-1.63,-0.46,-1.24,1.93,-0.01,0.09,0,0.21,0.14,1.13,0.31,0.01,-0.05,0.24,0.06,-0.01,0.35,-0.03,-0.97,1.09,-0.37,-1.04,0.81,0.01,0.28,0.41,-1.46,0.24,0.19,-1.02,2.93,-1.5,2.29,0.32,-0.19,-2.99,2.24,-0.21,-0.63,-1.32,-2.32,-1.45,-0.61,-0.05,-0.29,0.51,0.19,1.58,0.35,-0.39,2.4,-0.24,0.64,0.16,1.91,0.27,-1.21,-0.11,-1.13,-0.08,0.07,2.22,-1.1,-0.02,-0.96,-2.66,-0.92,1.92,-0.1,0.06,0.04,0.15,0.07,-1.53,0.54,-0.11,-0.38,0.13,1.56,3.45,0.0,1.69,-0.48,1.22,-2.0,2.99,-1.83,0.74,2.97,3.17,2.35,4.01,0.06,-0.17,0.53
s13,0.37,-3.04,0.79,-1.53,-4.04,-2.63,-1.72,-2.85,-0.0,-0.07,0.6,0.21,0,-0.43,-0.0,-0.02,0.08,-1.53,-0.28,0.58,0.21,-0.15,-0.36,-3.14,-0.16,-2.16,-1.64,-0.06,0.33,-0.11,-0.94,-2.72,0.93,0.82,-1.88,0.47,-2.68,0.31,0.01,-1.49,-5.12,0.67,-0.18,-1.71,-2.08,-4.38,-2.76,-0.99,0.01,-0.53,-0.66,-1.68,-0.38,-1.39,-0.16,-0.0,-1.97,0.1,0.75,0.32,0.0,-2.03,0.25,-2.88,0.07,-0.07,0.6,-1.95,0.16,-2.76,-4.58,-1.48,-0.11,0.28,-1.86,0.48,-0.25,-0.51,-3.26,-0.26,-0.43,-0.57,-0.09,-0.04,1.02,0.3,0.19,-1.38,0.03,-3.71,0.63,-3.52,-0.1,0.58,0.77,-0.22,1.34,0.5,0.12,0.07
s14,0.24,-1.17,1.32,-0.31,-1.78,-0.92,-0.38,-0.99,0.97,-0.84,0.96,0.14,-0.43,0,0.31,-0.26,-0.31,-0.2,-0.02,0.4,0.31,-0.07,0.05,-0.99,0.36,-0.47,-0.34,0.11,0.4,-0.11,0.07,-0.97,1.06,1.13,-0.5,1.72,-0.95,1.19,-0.46,-0.24,-2.46,0.96,0.36,-0.41,-0.59,-1.94,-0.99,-0.02,-0.63,0.13,0.12,-0.12,0.76,-0.0,-1.17,1.35,-0.37,-0.37,1.07,0.84,-0.47,-0.57,-0.27,-0.97,0.37,-0.87,1.0,-0.54,0.28,-0.87,-2.12,-0.26,0.98,-0.21,-0.21,0.41,-0.02,-0.0,-1.23,0.06,0.06,0.17,-0.07,0.68,2.06,0.39,0.7,-0.27,0.37,-1.55,1.74,-1.42,0.09,1.74,1.86,1.34,2.51,0.54,0.73,-0.51
s15,1.36,-1.19,0.32,-0.34,-2.16,-0.7,-0.53,-1.36,-0.0,-0.34,2.39,1.13,0.0,0.31,0,0.12,0.43,-0.59,0.3,1.68,1.36,0.21,0.6,-1.87,-0.03,-1.08,0.18,0.02,1.55,0.27,-0.28,-1.01,2.61,2.67,-0.22,0.27,-0.91,0.15,-0.13,-0.47,-3.16,0.18,1.34,-0.38,-0.18,-2.61,-1.08,0.64,0.04,0.85,-0.11,-0.85,-0.19,-0.64,-0.43,-0.0,-0.95,-0.29,2.57,0.1,-0.11,-0.23,0.75,-1.47,1.39,-0.46,0.18,-0.24,1.29,-1.44,-2.65,0.29,-0.06,0.83,-0.98,1.64,0.42,0.31,-1.69,0.09,0.65,0.98,0.49,-0.01,0.58,1.51,0.05,-0.12,0.0,-1.94,0.35,-1.8,0.04,0.33,0.44,-0.13,0.82,1.8,1.99,-0.37
s16,0.46,-2.53,0.92,-1.18,-3.46,-2.15,-1.35,-2.36,0.24,-0.17,0.82,0.31,-0.02,-0.26,0.12,0,0.08,-1.17,-0.14,0.66,0.35,-0.05,-0.18,-2.61,-0.0,-1.73,-1.24,0.03,0.47,-0.03,-0.66,-2.25,1.1,1.04,-1.47,0.75,-2.2,0.52,-0.03,-1.15,-4.46,0.76,0.07,-1.34,-1.64,-3.77,-2.28,-0.66,-0.05,-0.27,-0.43,-1.28,-0.1,-1.03,-0.3,0.31,-1.56,0.05,0.96,0.46,-0.03,-1.6,0.24,-2.39,0.25,-0.18,0.71,-1.53,0.3,-2.28,-3.96,-1.1,0.15,0.28,-1.45,0.59,-0.11,-0.31,-2.74,-0.13,-0.22,-0.29,0.0,0.15,1.25,0.44,0.33,-1.05,0.15,-3.15,0.88,-2.98,-0.0,0.84,1.01,0.13,1.59,0.64,0.39,-0.0
s17,0.1,-2.76,1.56,-1.24,-3.59,-2.47,-1.37,-2.4,0.75,-0.02,0.18,0.01,0.08,-0.31,0.43,0.08,0,-1.06,-0.15,0.23,-0.03,-0.0,-0.36,-2.44,0.31,-1.59,-1.63,0.26,0.06,-0.01,-0.49,-2.44,0.45,0.35,-1.74,1.45,-2.43,1.1,0.14,-1.11,-4.52,1.34,-0.38,-1.45,-2.02,-3.78,-2.45,-1.04,-0.03,-0.61,-0.27,-1.05,0.36,-0.8,-0.22,0.94,-1.42,0.35,0.29,0.96,0.11,-1.92,0.04,-2.36,-0.15,0.02,1.28,-1.82,-0.06,-2.22,-4.06,-1.47,0.67,0.06,-1.22,0.16,-0.18,-0.39,-2.77,-0.0,-0.44,-0.68,-0.08,0.58,2.02,0.03,0.79,-1.18,0.49,-3.25,1.58,-3.06,0.21,1.54,1.74,0.78,2.44,0.17,-0.23,0.29
s18,0.11,-0.01,0.07,0.08,-0.49,0.26,0.04,-0.16,0.24,-2.27,1.68,-0.05,-1.53,-0.2,-0.59,-1.17,-1.06,0,-0.41,0.36,0.4,-0.71,0.03,-0.28,-0.36,-0.05,0.64,-0.76,0.53,-0.74,-0.06,0.03,1.62,1.88,0.35,0.9,0.09,0.29,-1.68,0.01,-1.01,-0.39,0.88,0.13,0.51,-0.7,-0.01,0.7,-1.75,0.55,-0.17,0.04,0.25,0.04,-2.66,0.72,-0.02,-1.81,1.8,-0.2,-1.67,0.42,-0.94,-0.2,0.65,-2.4,-0.25,0.38,0.34,-0.18,-0.74,0.65,0.33,-0.82,0.03,0.45,-0.35,-0.11,-0.28,-0.52,0.17,0.77,-0.53,-0.09,0.95,0.52,-0.27,0.18,-0.55,-0.39,0.8,-0.33,-0.72,0.83,0.87,0.84,1.36,0.72,1.58,-2.03
s19,0.35,-1.48,1.25,-0.49,-2.17,-1.2,-0.59,-1.3,0.81,-0.62,0.99,0.24,-0.28,-0.02,0.3,-0.14,-0.15,-0.41,0,0.52,0.38,-0.02,0.04,-1.38,0.31,-0.76,-0.53,0.13,0.48,-0.04,-0.08,-1.26,1.14,1.17,-0.71,1.5,-1.23,1.05,-0.3,-0.44,-2.94,0.94,0.34,-0.6,-0.82,-2.37,-1.28,-0.14,-0.42,0.08,0.02,-0.38,0.57,-0.23,-0.89,1.11,-0.64,-0.21,1.1,0.78,-0.31,-0.79,-0.08,-1.3,0.39,-0.64,0.96,-0.75,0.34,-1.2,-2.56,-0.43,0.8,-0.03,-0.49,0.52,0.01,-0.04,-1.58,0.06,0.04,0.11,0.0,0.58,1.88,0.46,0.64,-0.42,0.35,-1.92,1.55,-1.78,0.11,1.53,1.67,1.06,2.3,0.62,0.7,-0.33
s20,0.02,-1.61,3.45,-0.15,-2.07,-1.56,-0.16,-0.94,2.66,0.39,-0.13,0.06,0.58,0.4,1.68,0.66,0.23,0.36,0.52,0,-0.02,0.69,0.12,-0.5,1.64,0.07,-1.02,1.29,-0.03,0.58,0.86,-1.28,0.02,-0.06,-0.91,3.82,-1.35,3.06,0.73,0.16,-2.68,3.0,-0.26,-0.4,-1.29,-1.99,-1.25,-0.59,0.25,-0.25,0.95,0.7,2.26,0.85,-0.05,3.22,0.2,1.16,-0.08,2.62,0.67,-1.14,0.01,-0.78,-0.1,0.51,2.98,-1.01,-0.01,-0.58,-2.4,-0.9,2.65,0.01,0.58,-0.01,0.4,0.31,-1.22,0.94,0.03,-0.39,0.36,2.21,4.39,-0.03,2.35,-0.27,1.79,-1.74,3.87,-1.56,1.21,3.86,4.07,3.19,5.01,-0.03,-0.36,1.05
s21,-0.03,-1.25,3.01,-0.04,-1.67,-1.19,-0.04,-0.69,2.39,-0.09,0.1,-0.01,0.21,0.31,1.36,0.35,-0.03,0.4,0.38,-0.02,0,0.47,0.11,-0.29,1.39,0.18,-0.72,0.99,0.01,0.36,0.79,-0.98,0.2,0.18,-0.65,3.51,-1.03,2.74,0.31,0.23,-2.23,2.54,-0.11,-0.24,-0.95,-1.61,-0.95,-0.37,-0.13,-0.12,0.83,0.73,2.06,0.84,-0.55,2.99,0.29,0.67,0.15,2.25,0.27,-0.83,-0.21,-0.55,-0.02,-0.01,2.55,-0.73,0.0,-0.37,-1.97,-0.62,2.41,-0.2,0.63,0.0,0.27,0.26,-0.93,0.73,0.05,-0.21,0.2,1.94,4.0,0.0,2.01,-0.14,1.47,-1.38,3.54,-1.23,0.92,3.53,3.72,3.0,4.61,0.03,-0.08,0.53
s22,0.49,-1.84,1.05,-0.73,-2.65,-1.5,-0.86,-1.7,0.53,-0.41,1.06,0.35,-0.15,-0.07,0.21,-0.05,0.0,-0.71,-0.02,0.69,0.47,0,0.02,-1.88,0.17,-1.15,-0.73,0.09,0.58,0.0,-0.31,-1.6,1.27,1.26,-0.94,1.11,-1.56,0.78,-0.17,-0.7,-3.53,0.81,0.34,-0.85,-1.06,-2.92,-1.64,-0.26,-0.23,0.02,-0.15,-0.76,0.26,-0.56,-0.61,0.72,-1.01,-0.11,1.19,0.61,-0.18,-1.04,0.12,-1.72,0.44,-0.44,0.8,-0.99,0.42,-1.62,-3.1,-0.61,0.49,0.18,-0.89,0.66,0.01,-0.1,-2.02,-0.0,0.01,0.05,0.05,0.37,1.53,0.56,0.48,-0.62,0.25,-2.38,1.19,-2.23,0.07,1.17,1.32,0.61,1.9,0.74,0.71,-0.2
s23,0.02,-1.12,1.86,-0.2,-1.62,-0.95,-0.24,-0.8,1.46,-0.77,0.59,-0.03,-0.36,0.05,0.6,-0.18,-0.36,0.03,0.04,0.12,0.11,0.02,0,-0.64,0.67,-0.18,-0.45,0.32,0.16,-0.05,0.32,-0.9,0.67,0.72,-0.52,2.37,-0.91,1.71,-0.34,-0.06,-2.22,1.43,0.14,-0.33,-0.67,-1.68,-0.91,-0.15,-0.63,-0.0,0.34,0.23,1.22,0.33,-1.17,1.95,-0.09,-0.16,0.67,1.28,-0.37,-0.62,-0.41,-0.74,0.15,-0.75,1.47,-0.57,0.09,-0.61,-1.93,-0.37,1.48,-0.37,0.14,0.15,-0.0,0.03,-1.03,0.22,-0.0,0.01,-0.08,1.08,2.73,0.15,1.1,-0.22,0.68,-1.38,2.37,-1.25,0.29,2.37,2.51,1.97,3.25,0.25,0.4,-0.31
s24,-0.78,0.48,-1.39,-0.1,0.19,0.73,-0.08,0.12,-0.75,-4.19,1.47,-0.97,-3.14,-0.99,-1.87,-2.61,-2.44,-0.28,-1.38,-0.5,-0.29,-1.88,-0.64,0,-1.46,-0.09,0.87,-2.05,-0.15,-1.93,-0.64,0.39,1.25,1.69,0.52,-0.07,0.48,-0.83,-3.39,-0.25,-0.1,-1.97,0.58,0.07,0.87,-0.0,0.34,0.67,-3.43,0.23,-0.92,-0.2,-0.55,-0.32,-4.69,-0.09,-0.13,-3.67,1.59,-1.52,-3.36,0.7,-2.3,0.06,0.14,-4.39,-1.73,0.59,-0.36,0.02,0.06,0.81,-0.57,-2.14,-0.14,-0.32,-1.27,-0.82,0.12,-1.58,-0.4,0.58,-1.59,-1.17,-0.26,-0.15,-1.55,0.0,-1.83,0.19,-0.29,0.18,-1.97,-0.21,-0.25,0.16,0.16,0.08,1.54,-3.96
s25,1.33,-0.79,0.3,-0.11,-1.69,-0.32,-0.28,-0.98,0.1,-0.59,2.51,1.09,-0.16,0.36,-0.03,0.0,0.31,-0.36,0.31,1.64,1.39,0.17,0.67,-1.46,0,-0.77,0.47,-0.02,1.57,0.22,-0.12,-0.64,2.68,2.78,0.07,0.41,-0.54,0.22,-0.31,-0.25,-2.61,0.11,1.47,-0.13,0.15,-2.11,-0.71,0.85,-0.16,0.99,-0.0,-0.58,-0.04,-0.41,-0.72,0.17,-0.66,-0.48,2.68,0.1,-0.29,0.08,0.6,-1.09,1.46,-0.71,0.14,0.07,1.31,-1.07,-2.14,0.56,0.07,0.7,-0.69,1.63,0.42,0.39,-1.28,0.1,0.73,1.15,0.45,0.04,0.66,1.54,0.05,0.1,-0.02,-1.49,0.46,-1.37,0.0,0.44,0.53,0.08,0.91,1.82,2.16,-0.59
s26,-0.2,0.28,-0.51,0.08,-0.12,0.55,0.06,0.04,-0.13,-3.04,1.68,-0.37,-2.16,-0.47,-1.08,-1.73,-1.59,-0.05,-0.76,0.07,0.18,-1.15,-0.18,-0.09,-0.77,0,0.82,-1.25,0.31,-1.18,-0.24,0.26,1.55,1.89,0.5,0.53,0.34,-0.14,-2.35,-0.03,-0.54,-1.02,0.83,0.18,0.75,-0.33,0.22,0.77,-2.41,0.49,-0.43,0.01,-0.04,-0.05,-3.47,0.43,-0.0,-2.55,1.8,-0.71,-2.34,0.63,-1.45,-0.01,0.51,-3.2,-0.84,0.55,0.12,-0.02,-0.32,0.8,-0.0,-1.32,0.02,0.2,-0.68,-0.34,-0.03,-0.91,0.0,0.77,-0.92,-0.49,0.48,0.31,-0.77,0.18,-1.04,-0.06,0.38,-0.03,-1.2,0.43,0.44,0.6,0.89,0.53,1.65,-2.81
s27,-1.05,-0.02,1.77,0.24,-0.07,-0.05,0.35,0.33,1.79,-2.4,-0.03,-1.04,-1.64,-0.34,0.18,-1.24,-1.63,0.64,-0.53,-1.02,-0.72,-0.73,-0.45,0.87,0.47,0.82,0,-0.28,-0.72,-0.88,0.6,0.08,-0.2,0.04,0.04,3.06,0.03,1.97,-1.64,0.45,-0.24,1.05,-0.24,0.19,-0.02,0.09,0.1,-0.06,-2.14,-0.23,0.37,1.12,1.72,1.03,-3.07,2.73,0.82,-1.42,0.0,1.12,-1.68,0.01,-1.86,0.47,-0.47,-2.39,1.21,0.03,-0.72,0.59,-0.16,-0.0,1.95,-1.79,1.13,-0.87,-0.61,-0.28,0.29,-0.24,-0.38,-0.15,-0.92,1.13,3.21,-0.7,0.92,0.1,0.29,0.07,2.9,0.13,-0.29,2.96,3.04,2.96,3.88,-0.68,0.05,-1.69
s28,1.01,-1.59,0.51,-0.6,-2.53,-1.15,-0.78,-1.64,0.09,-0.35,1.84,0.81,-0.06,0.11,0.02,0.03,0.26,-0.76,0.13,1.29,0.99,0.09,0.32,-2.05,-0.02,-1.25,-0.28,0,1.15,0.14,-0.39,-1.38,2.07,2.09,-0.62,0.46,-1.3,0.29,-0.15,-0.68,-3.51,0.35,0.9,-0.68,-0.64,-2.92,-1.44,0.21,-0.06,0.47,-0.21,-0.96,-0.13,-0.74,-0.47,0.14,-1.11,-0.23,2.0,0.22,-0.14,-0.66,0.51,-1.72,0.99,-0.43,0.35,-0.64,0.92,-1.67,-3.01,-0.16,0.03,0.59,-1.09,1.24,0.21,0.09,-1.98,0.0,0.34,0.55,0.29,0.04,0.83,1.12,0.14,-0.41,0.04,-2.28,0.55,-2.14,0.0,0.53,0.65,-0.0,1.1,1.37,1.44,-0.31
s29,-0.02,-1.22,3.28,0.04,-1.61,-1.18,0.05,-0.6,2.62,0.05,0.03,0.01,0.33,0.4,1.55,0.47,0.06,0.53,0.48,-0.03,0.01,0.58,0.16,-0.15,1.57,0.31,-0.72,1.15,0,0.47,0.93,-0.93,0.13,0.11,-0.62,3.79,-0.99,2.99,0.46,0.34,-2.15,2.79,-0.12,-0.17,-0.95,-1.52,-0.9,-0.37,-0.02,-0.11,0.97,0.89,2.28,1.0,-0.43,3.25,0.43,0.85,0.08,2.48,0.41,-0.81,-0.16,-0.45,-0.02,0.15,2.8,-0.7,0.01,-0.26,-1.9,-0.61,2.64,-0.15,0.79,-0.01,0.36,0.35,-0.84,0.86,0.09,-0.21,0.28,2.15,4.3,-0.0,2.23,-0.08,1.66,-1.31,3.82,-1.16,1.08,3.81,4.0,3.26,4.93,0.01,-0.14,0.71
s30,0.4,-1.98,1.18,-0.8,-2.78,-1.66,-0.93,-1.79,0.62,-0.35,0.88,0.28,-0.11,-0.11,0.27,-0.03,-0.01,-0.74,-0.04,0.58,0.36,0.0,-0.05,-1.93,0.22,-1.18,-0.88,0.14,0.47,0,-0.31,-1.72,1.09,1.07,-1.07,1.23,-1.69,0.88,-0.12,-0.75,-3.65,0.94,0.2,-0.94,-1.22,-3.02,-1.75,-0.4,-0.21,-0.09,-0.15,-0.77,0.32,-0.56,-0.56,0.81,-1.04,-0.03,1.0,0.71,-0.13,-1.18,0.09,-1.79,0.32,-0.36,0.92,-1.12,0.32,-1.68,-3.22,-0.76,0.57,0.13,-0.9,0.54,-0.02,-0.15,-2.12,0.01,-0.08,-0.09,0.03,0.45,1.68,0.44,0.57,-0.71,0.32,-2.5,1.32,-2.34,0.11,1.29,1.45,0.7,2.07,0.62,0.52,-0.11
s31,0.59,-0.27,0.29,0.07,-0.89,0.07,-0.02,-0.41,0.31,-1.56,1.98,0.41,-0.94,0.07,-0.28,-0.66,-0.49,-0.06,-0.08,0.86,0.79,-0.31,0.32,-0.64,-0.12,-0.24,0.6,-0.39,0.93,-0.31,0,-0.18,2.01,2.21,0.28,0.86,-0.11,0.39,-1.08,-0.02,-1.55,-0.07,1.11,0.08,0.4,-1.17,-0.23,0.78,-1.08,0.74,-0.02,-0.1,0.26,-0.04,-1.86,0.65,-0.18,-1.22,2.12,0.03,-1.07,0.32,-0.32,-0.47,0.97,-1.68,0.03,0.29,0.73,-0.44,-1.21,0.64,0.36,-0.21,-0.15,0.91,0.0,0.13,-0.6,-0.21,0.42,0.93,-0.1,0.07,1.0,0.92,-0.03,0.2,-0.25,-0.75,0.82,-0.67,-0.36,0.83,0.89,0.69,1.35,1.15,1.8,-1.39
s32,-1.41,-0.01,0.18,-0.16,-0.09,0.05,-0.07,0.07,0.5,-3.64,0.16,-1.46,-2.72,-0.97,-1.01,-2.25,-2.44,0.03,-1.26,-1.28,-0.98,-1.6,-0.9,0.39,-0.64,0.26,0.08,-1.38,-0.93,-1.72,-0.18,0,-0.06,0.28,-0.03,1.58,0.0,0.56,-2.82,-0.09,-0.25,-0.52,-0.28,-0.12,0.1,-0.05,0.0,-0.08,-3.17,-0.4,-0.46,0.38,0.56,0.26,-4.28,1.38,0.23,-2.8,0.22,-0.27,-2.84,0.04,-2.54,0.14,-0.63,-3.72,-0.32,0.0,-1.0,0.19,-0.17,0.04,0.68,-2.43,0.43,-1.11,-1.28,-0.86,0.07,-1.16,-0.76,-0.2,-1.62,-0.1,1.57,-0.91,-0.4,-0.22,-0.92,-0.03,1.38,-0.0,-1.36,1.45,1.48,1.65,2.16,-0.82,0.27,-3.09
s33,0.12,-0.36,4.79,0.91,-0.52,-0.48,0.99,0.48,4.1,0.6,-0.02,0.24,0.93,1.06,2.61,1.1,0.45,1.62,1.14,0.02,0.2,1.27,0.67,1.25,2.68,1.55,-0.2,2.07,0.13,1.09,2.01,-0.06,0,-0.02,0.05,5.58,-0.17,4.52,1.12,1.33,-0.87,4.16,0.11,0.66,-0.36,-0.25,-0.0,0.06,0.43,0.28,1.97,2.2,3.74,2.26,-0.02,4.97,1.64,1.67,-0.02,3.82,1.05,-0.19,0.06,0.72,0.18,0.77,4.18,-0.05,0.23,0.95,-0.73,-0.11,4.16,0.05,2.13,0.07,0.94,1.0,0.29,1.7,0.58,0.13,0.78,3.45,6.1,0.14,3.5,0.68,2.76,-0.22,5.56,-0.07,1.98,5.57,5.77,5.05,6.86,0.06,-0.09,1.5
s34,0.06,-0.0,4.91,1.14,-0.07,-0.15,1.25,0.84,4.3,0.42,0.01,0.19,0.82,1.13,2.67,1.04,0.35,1.88,1.17,-0.06,0.18,1.26,0.72,1.69,2.78,1.89,0.04,2.09,0.11,1.07,2.21,0.28,-0.02,0,0.3,5.85,0.16,4.7,1.01,1.58,-0.34,4.22,0.18,0.91,-0.08,0.24,0.34,0.23,0.28,0.39,2.12,2.52,3.98,2.54,-0.25,5.25,1.96,1.56,0.0,3.92,0.93,0.09,-0.08,1.1,0.21,0.58,4.26,0.22,0.22,1.32,-0.23,0.11,4.39,-0.08,2.46,0.02,0.97,1.08,0.69,1.76,0.65,0.25,0.76,3.6,6.32,0.12,3.61,0.89,2.82,0.21,5.8,0.34,2.0,5.81,6.01,5.38,7.12,0.03,-0.01,1.37
s35,-1.0,-0.1,1.15,0.07,-0.22,-0.06,0.15,0.13,1.24,-2.66,0.2,-1.02,-1.88,-0.5,-0.22,-1.47,-1.74,0.35,-0.71,-0.91,-0.65,-0.94,-0.52,0.52,0.07,0.5,0.04,-0.62,-0.62,-1.07,0.28,-0.03,0.05,0.3,0,2.38,-0.04,1.38,-1.92,0.21,-0.45,0.48,-0.14,0.05,0.01,-0.15,-0.01,-0.01,-2.32,-0.21,0.06,0.74,1.21,0.66,-3.28,2.09,0.5,-1.79,0.26,0.6,-1.95,0.0,-1.89,0.23,-0.39,-2.69,0.64,-0.0,-0.67,0.31,-0.34,0.03,1.39,-1.81,0.75,-0.77,-0.76,-0.43,0.08,-0.52,-0.43,-0.08,-1.05,0.65,2.49,-0.61,0.43,-0.02,-0.12,-0.11,2.23,-0.05,-0.62,2.28,2.35,2.31,3.1,-0.55,0.26,-2.05
s36,3.31,1.59,-0.21,1.57,0.56,2.25,1.34,0.86,0.1,-0.22,5.47,2.93,0.47,1.72,0.27,0.75,1.45,0.9,1.5,3.82,3.51,1.11,2.37,-0.07,0.41,0.53,3.06,0.46,3.79,1.23,0.86,1.58,5.58,5.85,2.38,0,1.78,0.01,0.13,1.16,-0.41,-0.32,3.94,1.72,2.78,-0.11,1.46,3.3,0.6,3.2,0.92,0.4,0.18,0.53,-0.25,0.0,0.6,-0.42,5.7,-0.03,0.2,2.56,2.01,0.6,3.75,-0.5,-0.22,2.44,3.39,0.51,0.1,3.1,0.1,2.18,0.34,3.83,1.75,1.84,0.61,0.93,2.57,3.57,1.75,0.2,-0.03,3.75,0.06,1.95,0.23,0.63,-0.01,0.7,0.56,-0.0,-0.01,-0.05,0.05,4.19,5.14,-0.56
s37,-1.46,-0.01,0.36,-0.13,-0.07,0.03,-0.04,0.11,0.65,-3.59,0.05,-1.5,-2.68,-0.95,-0.91,-2.2,-2.43,0.09,-1.23,-1.35,-1.03,-1.56,-0.91,0.48,-0.54,0.34,0.03,-1.3,-0.99,-1.69,-0.11,0.0,-0.17,0.16,-0.04,1.78,0,0.73,-2.76,-0.04,-0.21,-0.36,-0.35,-0.1,0.06,-0.0,0.01,-0.13,-3.14,-0.44,-0.39,0.48,0.7,0.35,-4.24,1.56,0.31,-2.71,0.11,-0.12,-2.78,0.01,-2.56,0.19,-0.69,-3.65,-0.16,-0.02,-1.05,0.25,-0.14,0.0,0.84,-2.46,0.52,-1.17,-1.26,-0.84,0.11,-1.1,-0.77,-0.25,-1.61,0.03,1.78,-0.97,-0.27,-0.21,-0.81,-0.0,1.58,0.03,-1.28,1.64,1.68,1.84,2.39,-0.89,0.17,-3.0
s38,2.62,0.5,-0.07,0.82,-0.53,1.11,0.6,-0.03,0.0,-0.24,4.36,2.29,0.31,1.19,0.15,0.52,1.1,0.29,1.05,3.06,2.74,0.78,1.71,-0.83,0.22,-0.14,1.97,0.29,2.99,0.88,0.39,0.56,4.52,4.7,1.38,0.01,0.73,0,0.05,0.51,-1.53,-0.18,2.99,0.9,1.65,-1.13,0.46,2.3,0.42,2.33,0.5,-0.13,-0.02,0.03,-0.27,-0.08,-0.04,-0.36,4.57,-0.02,0.1,1.49,1.58,-0.24,2.89,-0.46,-0.11,1.41,2.63,-0.29,-1.01,2.04,-0.02,1.72,-0.23,3.05,1.26,1.26,-0.32,0.61,1.85,2.61,1.29,0.07,0.12,2.95,0.01,1.15,0.11,-0.4,0.04,-0.31,0.35,0.04,0.07,-0.18,0.24,3.33,3.99,-0.48
s39,0.49,-3.13,0.53,-1.62,-4.2,-2.68,-1.83,-3.0,-0.25,-0.04,0.77,0.32,0.01,-0.46,-0.13,-0.03,0.14,-1.68,-0.3,0.73,0.31,-0.17,-0.34,-3.39,-0.31,-2.35,-1.64,-0.15,0.46,-0.12,-1.08,-2.82,1.12,1.01,-1.92,0.13,-2.76,0.05,0,-1.62,-5.34,0.46,-0.08,-1.79,-2.1,-4.6,-2.87,-0.96,0.06,-0.48,-0.78,-1.89,-0.63,-1.58,-0.09,-0.32,-2.16,0.05,0.93,0.11,0.0,-2.06,0.36,-3.06,0.17,-0.06,0.38,-1.98,0.26,-2.95,-4.78,-1.47,-0.37,0.4,-2.09,0.62,-0.25,-0.54,-3.43,-0.33,-0.4,-0.51,-0.07,-0.24,0.68,0.42,-0.0,-1.44,-0.11,-3.87,0.31,-3.68,-0.18,0.25,0.43,-0.56,0.96,0.65,0.26,0.03
s40,-0.05,-0.15,0.31,0.03,-0.59,0.09,0.0,-0.21,0.43,-2.21,1.39,-0.19,-1.49,-0.24,-0.47,-1.15,-1.11,0.01,-0.44,0.16,0.23,-0.7,-0.06,-0.25,-0.25,-0.03,0.45,-0.68,0.34,-0.75,-0.02,-0.09,1.33,1.58,0.21,1.16,-0.04,0.51,-1.62,0,-1.08,-0.16,0.67,0.05,0.33,-0.76,-0.12,0.52,-1.74,0.39,-0.13,0.11,0.41,0.11,-2.63,0.95,-0.0,-1.7,1.5,-0.01,-1.62,0.26,-1.03,-0.22,0.46,-2.32,-0.03,0.23,0.18,-0.19,-0.83,0.47,0.52,-0.92,0.09,0.26,-0.39,-0.16,-0.34,-0.48,0.06,0.58,-0.58,0.07,1.25,0.33,-0.11,0.09,-0.42,-0.47,1.07,-0.41,-0.65,1.1,1.15,1.07,1.69,0.51,1.31,-1.91
s41,-2.88,-0.11,-2.28,-1.02,-0.04,-0.03,-0.9,-0.33,-1.43,-6.38,-0.49,-2.99,-5.12,-2.46,-3.16,-4.46,-4.52,-1.01,-2.94,-2.68,-2.23,-3.53,-2.22,-0.1,-2.61,-0.54,-0.24,-3.51,-2.15,-3.65,-1.55,-0.25,-0.87,-0.34,-0.45,-0.41,-0.21,-1.53,-5.34,-1.08,0,-3.09,-1.1,-0.84,-0.08,-0.03,-0.27,-0.66,-5.61,-1.29,-2.0,-0.66,-1.15,-0.92,-7.1,-0.42,-0.64,-5.52,-0.42,-2.53,-5.34,-0.25,-4.55,-0.31,-1.69,-6.55,-2.78,-0.37,-2.28,-0.34,-0.01,-0.34,-1.16,-4.39,-0.54,-2.42,-2.9,-2.26,-0.21,-3.0,-1.96,-0.93,-3.38,-2.09,-0.7,-2.13,-2.6,-1.05,-3.08,-0.1,-0.73,-0.14,-3.43,-0.62,-0.68,-0.01,-0.14,-1.99,-0.22,-5.9
s42,2.57,-0.67,-0.01,0.12,-1.89,-0.02,-0.16,-1.1,-0.26,0.35,3.87,2.24,0.67,0.96,0.18,0.76,1.34,-0.39,0.94,3.0,2.54,0.81,1.43,-1.97,0.11,-1.02,1.05,0.35,2.79,0.94,-0.07,-0.52,4.16,4.22,0.48,-0.32,-0.36,-0.18,0.46,-0.16,-3.09,0,2.5,0.12,0.63,-2.54,-0.62,1.59,0.86,1.82,0.17,-0.89,-0.42,-0.63,0.42,-0.52,-0.87,0.12,4.09,-0.03,0.51,0.51,1.84,-1.31,2.56,0.17,-0.01,0.48,2.43,-1.33,-2.47,1.17,-0.36,1.95,-1.04,2.93,1.14,0.97,-1.48,0.53,1.5,2.02,1.29,-0.09,-0.05,2.74,-0.01,0.47,0.14,-1.68,-0.21,-1.54,0.4,-0.24,-0.16,-0.72,0.03,3.13,3.36,0.07
s43,-0.25,-0.51,3.1,0.39,-0.73,-0.52,0.44,0.05,2.68,-0.64,0.12,-0.21,-0.18,0.36,1.34,0.07,-0.38,0.88,0.34,-0.26,-0.11,0.34,0.14,0.58,1.47,0.83,-0.24,0.9,-0.12,0.2,1.11,-0.28,0.11,0.18,-0.14,3.94,-0.35,2.99,-0.08,0.67,-1.1,2.5,0,0.23,-0.38,-0.59,-0.25,-0.05,-0.6,0.04,1.04,1.32,2.44,1.35,-1.22,3.47,0.9,0.27,0.16,2.32,-0.14,-0.28,-0.63,0.21,-0.03,-0.57,2.56,-0.2,-0.1,0.38,-0.93,-0.18,2.76,-0.6,1.27,-0.19,0.22,0.35,-0.11,0.72,0.12,-0.01,0.04,2.11,4.32,-0.11,2.08,0.24,1.46,-0.49,3.89,-0.37,0.85,3.91,4.07,3.57,4.99,-0.11,0.06,0.08
s44,-0.55,-0.18,0.69,-0.0,-0.48,-0.04,0.02,-0.1,0.79,-2.45,0.76,-0.63,-1.71,-0.41,-0.38,-1.34,-1.45,0.13,-0.6,-0.4,-0.24,-0.85,-0.33,0.07,-0.13,0.18,0.19,-0.68,-0.17,-0.94,0.08,-0.12,0.66,0.91,0.05,1.72,-0.1,0.9,-1.79,0.05,-0.84,0.12,0.23,0,0.11,-0.52,-0.13,0.21,-2.05,0.05,-0.08,0.37,0.76,0.33,-2.96,1.47,0.19,-1.77,0.84,0.25,-1.8,0.07,-1.48,-0.06,0.0,-2.52,0.26,0.06,-0.28,-0.0,-0.66,0.2,0.91,-1.39,0.36,-0.28,-0.61,-0.33,-0.19,-0.54,-0.22,0.2,-0.84,0.31,1.82,-0.17,0.12,-0.01,-0.31,-0.36,1.59,-0.3,-0.67,1.64,1.7,1.63,2.34,-0.05,0.75,-2.0
s45,-1.33,0.03,1.38,0.14,0.03,-0.01,0.25,0.34,1.5,-2.92,-0.16,-1.32,-2.08,-0.59,-0.18,-1.64,-2.02,0.51,-0.82,-1.29,-0.95,-1.06,-0.67,0.87,0.15,0.75,-0.02,-0.64,-0.95,-1.22,0.4,0.1,-0.36,-0.08,0.01,2.78,0.06,1.65,-2.1,0.33,-0.08,0.63,-0.38,0.11,0,0.19,0.12,-0.13,-2.6,-0.37,0.13,1.0,1.48,0.89,-3.61,2.48,0.74,-1.92,-0.12,0.76,-2.14,0.0,-2.24,0.47,-0.66,-2.92,0.81,0.01,-0.95,0.57,-0.04,-0.04,1.68,-2.17,1.04,-1.12,-0.9,-0.51,0.32,-0.55,-0.58,-0.26,-1.24,0.82,2.87,-0.93,0.57,-0.0,-0.06,0.14,2.6,0.19,-0.65,2.66,2.73,2.75,3.56,-0.9,-0.03,-2.2
s46,-2.2,0.07,-1.8,-0.69,0.04,0.18,-0.6,-0.16,-1.05,-5.56,0.08,-2.32,-4.38,-1.94,-2.61,-3.77,-3.78,-0.7,-2.37,-1.99,-1.61,-2.92,-1.68,-0.0,-2.11,-0.33,0.09,-2.92,-1.52,-3.02,-1.17,-0.05,-0.25,0.24,-0.15,-0.11,0.0,-1.13,-4.6,-0.76,-0.03,-2.54,-0.59,-0.52,0.19,0,-0.07,-0.26,-4.81,-0.81,-1.56,-0.43,-0.82,-0.63,-6.21,-0.14,-0.41,-4.78,0.16,-2.04,-4.59,0.04,-3.78,-0.16,-1.12,-5.73,-2.26,-0.07,-1.66,-0.17,0.02,0.0,-0.81,-3.63,-0.33,-1.76,-2.32,-1.74,-0.08,-2.45,-1.43,-0.47,-2.75,-1.64,-0.35,-1.5,-2.1,-0.69,-2.54,0.0,-0.39,-0.02,-2.85,-0.3,-0.34,0.21,0.18,-1.34,0.28,-5.13
s47,-1.39,0.0,0.07,-0.18,-0.1,0.07,-0.1,0.05,0.41,-3.69,0.22,-1.45,-2.76,-0.99,-1.08,-2.28,-2.45,-0.01,-1.28,-1.25,-0.95,-1.64,-0.91,0.34,-0.71,0.22,0.1,-1.44,-0.9,-1.75,-0.23,0.0,0.0,0.34,-0.01,1.46,0.01,0.46,-2.87,-0.12,-0.27,-0.62,-0.25,-0.13,0.12,-0.07,0,-0.06,-3.2,-0.38,-0.51,0.33,0.48,0.2,-4.32,1.27,0.19,-2.87,0.28,-0.36,-2.89,0.06,-2.54,0.11,-0.61,-3.77,-0.42,0.01,-0.98,0.16,-0.18,0.07,0.59,-2.43,0.37,-1.08,-1.29,-0.87,0.05,-1.2,-0.75,-0.18,-1.64,-0.18,1.44,-0.89,-0.49,-0.23,-0.99,-0.04,1.26,-0.01,-1.41,1.33,1.36,1.54,2.02,-0.78,0.33,-3.16
s48,-0.62,-0.23,2.23,0.3,-0.38,-0.23,0.37,0.18,2.08,-1.62,0.16,-0.61,-0.99,-0.02,0.64,-0.66,-1.04,0.7,-0.14,-0.59,-0.37,-0.26,-0.15,0.67,0.85,0.77,-0.06,0.21,-0.37,-0.4,0.78,-0.08,0.06,0.23,-0.01,3.3,-0.13,2.3,-0.96,0.52,-0.66,1.59,-0.05,0.21,-0.13,-0.26,-0.06,0,-1.44,-0.06,0.63,1.13,1.94,1.1,-2.23,2.91,0.8,-0.71,0.2,1.56,-1.0,-0.09,-1.25,0.32,-0.2,-1.59,1.7,-0.04,-0.37,0.45,-0.54,-0.03,2.19,-1.2,1.12,-0.48,-0.23,0.01,0.08,0.16,-0.12,-0.02,-0.47,1.48,3.54,-0.35,1.35,0.17,0.75,-0.21,3.19,-0.12,0.18,3.23,3.34,3.09,4.2,-0.33,0.17,-0.94
s49,0.08,-3.52,0.98,-1.83,-4.52,-3.15,-2.02,-3.22,0.06,0.01,0.08,-0.05,0.01,-0.63,0.04,-0.05,-0.03,-1.75,-0.42,0.25,-0.13,-0.23,-0.63,-3.43,-0.16,-2.41,-2.14,-0.06,-0.02,-0.21,-1.08,-3.17,0.43,0.28,-2.32,0.6,-3.14,0.42,0.06,-1.74,-5.61,0.86,-0.6,-2.05,-2.6,-4.81,-3.2,-1.44,0,-0.91,-0.78,-1.85,-0.37,-1.54,-0.08,0.07,-2.2,0.23,0.21,0.43,0.04,-2.51,0.1,-3.22,-0.31,0.05,0.76,-2.4,-0.17,-3.08,-5.07,-1.96,-0.06,0.11,-2.05,0.14,-0.42,-0.73,-3.65,-0.34,-0.72,-1.0,-0.25,-0.0,1.22,-0.05,0.28,-1.71,0.07,-4.15,0.78,-3.95,-0.11,0.72,0.93,-0.16,1.57,0.12,-0.42,0.21
s50,-0.29,-0.59,2.39,0.17,-0.88,-0.54,0.21,-0.17,2.07,-1.04,0.3,-0.29,-0.53,0.13,0.85,-0.27,-0.61,0.55,0.08,-0.25,-0.12,0.02,-0.0,0.23,0.99,0.49,-0.23,0.47,-0.11,-0.09,0.74,-0.4,0.28,0.39,-0.21,3.2,-0.44,2.33,-0.48,0.39,-1.29,1.82,0.04,0.05,-0.37,-0.81,-0.38,-0.06,-0.91,0,0.67,0.91,1.87,0.94,-1.57,2.78,0.55,-0.22,0.35,1.71,-0.52,-0.31,-0.78,-0.05,-0.02,-1.0,1.9,-0.25,-0.13,0.09,-1.1,-0.18,2.15,-0.74,0.86,-0.18,-0.01,0.13,-0.33,0.36,0.0,0.0,-0.18,1.55,3.52,-0.1,1.5,0.08,0.95,-0.66,3.15,-0.55,0.43,3.17,3.3,2.88,4.14,-0.06,0.22,-0.42
s51,0.69,-0.58,0.49,-0.06,-1.27,-0.23,-0.16,-0.67,0.38,-1.19,1.89,0.51,-0.66,0.12,-0.11,-0.43,-0.27,-0.17,0.02,0.95,0.83,-0.15,0.34,-0.92,-0.0,-0.43,0.37,-0.21,0.97,-0.15,-0.02,-0.46,1.97,2.12,0.06,0.92,-0.39,0.5,-0.78,-0.13,-2.0,0.17,1.04,-0.08,0.13,-1.56,-0.51,0.63,-0.78,0.67,0,-0.23,0.28,-0.13,-1.45,0.67,-0.35,-0.88,2.03,0.2,-0.77,0.08,-0.09,-0.73,0.96,-1.29,0.24,0.06,0.77,-0.69,-1.63,0.43,0.4,0.0,-0.3,0.97,0.09,0.16,-0.9,-0.09,0.42,0.82,0.03,0.18,1.12,0.95,0.12,0.07,-0.08,-1.1,0.91,-1.0,-0.19,0.91,0.99,0.66,1.47,1.18,1.66,-1.03
s52,0.4,0.39,-0.46,0.27,-0.13,0.73,0.21,0.08,-0.12,-2.5,2.28,0.19,-1.68,-0.12,-0.85,-1.28,-1.05,0.04,-0.38,0.7,0.73,-0.76,0.23,-0.2,-0.58,0.01,1.12,-0.96,0.89,-0.77,-0.1,0.38,2.2,2.52,0.74,0.4,0.48,-0.13,-1.89,0.11,-0.66,-0.89,1.32,0.37,1.0,-0.43,0.33,1.13,-1.85,0.91,-0.23,0,-0.04,-0.01,-2.86,0.31,0.02,-2.15,2.42,-0.6,-1.87,0.86,-0.84,-0.01,1.03,-2.68,-0.72,0.78,0.66,-0.03,-0.38,1.12,-0.02,-0.7,-0.0,0.81,-0.27,0.0,-0.04,-0.61,0.4,1.19,-0.46,-0.39,0.37,0.88,-0.63,0.41,-0.82,-0.07,0.29,-0.03,-0.89,0.33,0.34,0.43,0.72,1.13,2.19,-2.37
s53,1.86,0.53,-0.19,0.67,-0.32,1.04,0.51,0.07,-0.01,-1.03,3.67,1.58,-0.38,0.76,-0.19,-0.1,0.36,0.25,0.57,2.26,2.06,0.26,1.22,-0.55,-0.04,-0.04,1.72,-0.13,2.28,0.32,0.26,0.56,3.74,3.98,1.21,0.18,0.7,-0.02,-0.63,0.41,-1.15,-0.42,2.44,0.76,1.48,-0.82,0.48,1.94,-0.37,1.87,0.28,-0.04,0,0.06,-1.18,0.08,0.03,-0.99,3.86,-0.21,-0.59,1.33,0.75,-0.1,2.28,-1.24,-0.31,1.25,1.97,-0.14,-0.72,1.77,0.01,0.89,-0.1,2.29,0.74,0.85,-0.16,0.2,1.38,2.16,0.7,-0.07,0.23,2.25,-0.19,0.94,-0.2,-0.22,0.15,-0.14,-0.07,0.16,0.19,0.07,0.43,2.59,3.4,-1.15
s54,0.55,0.24,-0.22,0.25,-0.33,0.59,0.18,-0.04,0.02,-2.15,2.3,0.35,-1.39,0.0,-0.64,-1.03,-0.8,0.04,-0.23,0.85,0.84,-0.56,0.33,-0.32,-0.41,-0.05,1.03,-0.74,1.0,-0.56,-0.04,0.26,2.26,2.54,0.66,0.53,0.35,0.03,-1.58,0.11,-0.92,-0.63,1.35,0.33,0.89,-0.63,0.2,1.1,-1.54,0.94,-0.13,-0.01,0.06,0,-2.47,0.4,-0.02,-1.81,2.44,-0.39,-1.56,0.76,-0.59,-0.12,1.11,-2.31,-0.48,0.7,0.77,-0.13,-0.61,1.04,0.1,-0.46,-0.03,0.94,-0.12,0.1,-0.18,-0.43,0.48,1.19,-0.28,-0.23,0.55,0.99,-0.43,0.4,-0.62,-0.24,0.44,-0.19,-0.69,0.47,0.49,0.49,0.89,1.24,2.17,-2.02
s55,-0.24,-4.68,0.43,-2.7,-5.84,-4.25,-2.94,-4.36,-0.67,-0.0,-0.47,-0.39,-0.16,-1.17,-0.43,-0.3,-0.22,-2.66,-0.89,-0.05,-0.55,-0.61,-1.17,-4.69,-0.72,-3.47,-3.07,-0.47,-0.43,-0.56,-1.86,-4.28,-0.02,-0.25,-3.28,-0.25,-4.24,-0.27,-0.09,-2.63,-7.1,0.42,-1.22,-2.96,-3.61,-6.21,-4.32,-2.23,-0.08,-1.57,-1.45,-2.86,-1.18,-2.47,0,-0.82,-3.23,0.09,-0.32,-0.11,-0.1,-3.5,-0.05,-4.39,-0.82,0.04,0.28,-3.38,-0.6,-4.23,-6.48,-2.86,-0.85,-0.05,-3.1,-0.21,-0.88,-1.3,-4.87,-0.82,-1.3,-1.69,-0.62,-0.64,0.48,-0.47,-0.27,-2.55,-0.4,-5.43,-0.0,-5.2,-0.53,-0.08,0.16,-1.14,0.77,-0.27,-1.08,0.12
s56,2.75,1.4,-0.34,1.32,0.46,2.0,1.13,0.73,0.0,-0.73,4.9,2.4,0.0,1.35,0.0,0.31,0.94,0.72,1.11,3.22,2.99,0.72,1.95,-0.09,0.17,0.43,2.73,0.14,3.25,0.81,0.65,1.38,4.97,5.25,2.09,0.0,1.56,-0.08,-0.32,0.95,-0.42,-0.52,3.47,1.47,2.48,-0.14,1.27,2.91,0.07,2.78,0.67,0.31,0.08,0.4,-0.82,0,0.48,-0.83,5.11,-0.21,-0.26,2.27,1.44,0.5,3.24,-1.0,-0.4,2.16,2.87,0.42,0.05,2.76,0.02,1.6,0.26,3.26,1.34,1.47,0.51,0.6,2.15,3.14,1.3,0.02,-0.04,3.21,-0.14,1.66,-0.04,0.53,-0.03,0.59,0.23,-0.02,-0.03,-0.02,0.08,3.61,4.62,-0.99
s57,-0.06,0.24,-0.38,0.11,-0.19,0.51,0.08,0.01,-0.04,-2.82,1.75,-0.24,-1.97,-0.37,-0.95,-1.56,-1.42,-0.02,-0.64,0.2,0.29,-1.01,-0.09,-0.13,-0.66,-0.0,0.82,-1.11,0.43,-1.04,-0.18,0.23,1.64,1.96,0.5,0.6,0.31,-0.04,-2.16,0.0,-0.64,-0.87,0.9,0.19,0.74,-0.41,0.19,0.8,-2.2,0.55,-0.35,0.02,0.03,-0.02,-3.23,0.48,0,-2.35,1.87,-0.59,-2.14,0.62,-1.27,-0.04,0.6,-2.97,-0.7,0.55,0.23,-0.05,-0.41,0.81,0.07,-1.14,0.03,0.32,-0.56,-0.25,-0.08,-0.79,0.08,0.82,-0.78,-0.39,0.57,0.42,-0.64,0.21,-0.91,-0.13,0.47,-0.09,-1.06,0.51,0.52,0.64,0.97,0.64,1.7,-2.59
s58,0.87,-3.09,0.12,-1.62,-4.29,-2.56,-1.88,-3.1,-0.63,0.06,1.29,0.64,0.1,-0.37,-0.29,0.05,0.35,-1.81,-0.21,1.16,0.67,-0.11,-0.16,-3.67,-0.48,-2.55,-1.42,-0.23,0.85,-0.03,-1.22,-2.8,1.67,1.56,-1.79,-0.42,-2.71,-0.36,0.05,-1.7,-5.52,0.12,0.27,-1.77,-1.92,-4.78,-2.87,-0.71,0.23,-0.22,-0.88,-2.15,-0.99,-1.81,0.09,-0.83,-2.35,0,1.47,-0.2,0.06,-1.9,0.67,-3.2,0.53,0.0,0.03,-1.85,0.6,-3.12,-4.91,-1.25,-0.77,0.72,-2.35,1.04,-0.12,-0.44,-3.56,-0.36,-0.21,-0.21,0.09,-0.53,0.11,0.81,-0.28,-1.38,-0.29,-3.96,-0.22,-3.77,-0.25,-0.29,-0.11,-1.1,0.32,1.09,0.72,-0.01
s59,0.03,-0.06,4.77,1.08,-0.14,-0.2,1.18,0.77,4.18,0.35,0.0,0.16,0.75,1.07,2.57,0.96,0.29,1.8,1.1,-0.08,0.15,1.19,0.67,1.59,2.68,1.8,-0.0,2.0,0.08,1.0,2.12,0.22,-0.02,0.0,0.26,5.7,0.11,4.57,0.93,1.5,-0.42,4.09,0.16,0.84,-0.12,0.16,0.28,0.2,0.21,0.35,2.03,2.42,3.86,2.44,-0.32,5.11,1.87,1.47,0,3.8,0.85,0.04,-0.12,1.02,0.18,0.5,4.14,0.17,0.19,1.24,-0.31,0.07,4.26,-0.12,2.36,-0.0,0.91,1.02,0.62,1.67,0.6,0.21,0.71,3.48,6.17,0.1,3.49,0.83,2.72,0.14,5.65,0.27,1.92,5.67,5.87,5.24,6.96,0.01,-0.02,1.28
s60,2.21,-0.39,0.05,0.23,-1.47,0.2,0.01,-0.78,-0.1,-0.09,3.6,1.91,0.32,0.84,0.1,0.46,0.96,-0.2,0.78,2.62,2.25,0.61,1.28,-1.52,0.1,-0.71,1.12,0.22,2.48,0.71,0.03,-0.27,3.82,3.92,0.6,-0.03,-0.12,-0.02,0.11,-0.01,-2.53,-0.03,2.32,0.25,0.76,-2.04,-0.36,1.56,0.43,1.71,0.2,-0.6,-0.21,-0.39,-0.11,-0.21,-0.59,-0.2,3.8,0,0.16,0.65,1.4,-0.96,2.32,-0.27,-0.0,0.61,2.15,-0.97,-1.98,1.22,-0.15,1.51,-0.72,2.57,0.95,0.87,-1.11,0.42,1.37,1.92,1.04,-0.02,0.19,2.44,0.01,0.54,0.08,-1.28,0.05,-1.16,0.26,0.02,0.1,-0.35,0.34,2.79,3.18,-0.29
s61,0.44,-3.15,0.59,-1.63,-4.21,-2.72,-1.84,-3.0,-0.2,-0.05,0.7,0.27,0.0,-0.47,-0.11,-0.03,0.11,-1.67,-0.31,0.67,0.27,-0.18,-0.37,-3.36,-0.29,-2.34,-1.68,-0.14,0.41,-0.13,-1.07,-2.84,1.05,0.93,-1.95,0.2,-2.78,0.1,0.0,-1.62,-5.34,0.51,-0.14,-1.8,-2.14,-4.59,-2.89,-1.0,0.04,-0.52,-0.77,-1.87,-0.59,-1.56,-0.1,-0.26,-2.14,0.06,0.85,0.16,0,-2.09,0.32,-3.05,0.12,-0.06,0.43,-2.01,0.21,-2.94,-4.78,-1.51,-0.33,0.36,-2.06,0.57,-0.26,-0.55,-3.43,-0.33,-0.43,-0.55,-0.09,-0.21,0.76,0.37,0.04,-1.46,-0.09,-3.88,0.37,-3.68,-0.17,0.32,0.5,-0.5,1.05,0.59,0.19,0.04
s62,-1.2,-0.03,1.23,0.09,-0.08,-0.03,0.19,0.24,1.35,-2.84,0.0,-1.21,-2.03,-0.57,-0.23,-1.6,-1.92,0.42,-0.79,-1.14,-0.83,-1.04,-0.62,0.7,0.08,0.63,0.01,-0.66,-0.81,-1.18,0.32,0.04,-0.19,0.09,0.0,2.56,0.01,1.49,-2.06,0.26,-0.25,0.51,-0.28,0.07,0.0,0.04,0.06,-0.09,-2.51,-0.31,0.08,0.86,1.33,0.76,-3.5,2.27,0.62,-1.9,0.04,0.65,-2.09,0,-2.11,0.35,-0.55,-2.86,0.69,0.0,-0.84,0.45,-0.17,-0.01,1.52,-2.03,0.89,-0.98,-0.86,-0.49,0.21,-0.57,-0.53,-0.19,-1.18,0.71,2.66,-0.8,0.47,-0.02,-0.13,0.03,2.39,0.08,-0.67,2.45,2.52,2.52,3.31,-0.75,0.1,-2.18
s63,-0.06,-2.9,2.1,-1.23,-3.66,-2.67,-1.34,-2.39,1.18,0.2,-0.22,-0.11,0.25,-0.27,0.75,0.24,0.04,-0.94,-0.08,0.01,-0.21,0.12,-0.41,-2.3,0.6,-1.45,-1.86,0.51,-0.16,0.09,-0.32,-2.54,0.06,-0.08,-1.89,2.01,-2.56,1.58,0.36,-1.03,-4.55,1.84,-0.63,-1.48,-2.24,-3.78,-2.54,-1.25,0.1,-0.78,-0.09,-0.84,0.75,-0.59,-0.05,1.44,-1.27,0.67,-0.12,1.4,0.32,-2.11,0,-2.32,-0.37,0.28,1.77,-1.99,-0.23,-2.14,-4.12,-1.7,1.11,0.0,-1.01,-0.06,-0.14,-0.37,-2.77,0.17,-0.52,-0.91,-0.05,0.95,2.65,-0.18,1.19,-1.23,0.82,-3.3,2.15,-3.1,0.44,2.11,2.33,1.29,3.12,-0.09,-0.61,0.62
s64,-1.0,0.18,-0.69,-0.17,-0.05,0.36,-0.13,0.01,-0.22,-3.85,0.92,-1.13,-2.88,-0.97,-1.47,-2.39,-2.36,-0.2,-1.3,-0.78,-0.55,-1.72,-0.74,0.06,-1.09,-0.01,0.47,-1.72,-0.45,-1.79,-0.47,0.14,0.72,1.1,0.23,0.6,0.19,-0.24,-3.06,-0.22,-0.31,-1.31,0.21,-0.06,0.47,-0.16,0.11,0.32,-3.22,-0.05,-0.73,-0.01,-0.1,-0.12,-4.39,0.5,-0.04,-3.2,1.02,-0.96,-3.05,0.35,-2.32,0,-0.17,-3.99,-1.1,0.28,-0.6,0.0,-0.17,0.43,-0.05,-2.18,0.03,-0.61,-1.24,-0.83,-0.0,-1.37,-0.54,0.23,-1.56,-0.7,0.51,-0.44,-1.04,-0.13,-1.41,-0.02,0.41,-0.0,-1.67,0.47,0.47,0.74,0.99,-0.27,0.99,-3.49
s65,-0.11,-0.89,3.09,0.18,-1.22,-0.86,0.21,-0.32,2.56,-0.31,0.13,-0.08,0.07,0.37,1.39,0.25,-0.15,0.65,0.39,-0.1,-0.02,0.44,0.15,0.14,1.46,0.51,-0.47,0.99,-0.02,0.32,0.97,-0.63,0.18,0.21,-0.39,3.75,-0.69,2.89,0.17,0.46,-1.69,2.56,-0.03,-0.0,-0.66,-1.12,-0.61,-0.2,-0.31,-0.02,0.96,1.03,2.28,1.11,-0.82,3.24,0.6,0.53,0.18,2.32,0.12,-0.55,-0.37,-0.17,0,-0.22,2.6,-0.46,-0.02,-0.0,-1.47,-0.39,2.61,-0.35,0.95,-0.06,0.28,0.33,-0.53,0.76,0.11,-0.09,0.16,2.05,4.19,-0.02,2.08,0.06,1.5,-0.95,3.74,-0.81,0.92,3.74,3.92,3.3,4.82,-0.01,0.01,0.36
s66,0.26,-4.07,0.15,-2.31,-5.28,-3.58,-2.56,-3.92,-0.8,0.01,0.33,0.07,-0.07,-0.87,-0.46,-0.18,0.02,-2.4,-0.64,0.51,-0.01,-0.44,-0.75,-4.39,-0.71,-3.2,-2.39,-0.43,0.15,-0.36,-1.68,-3.72,0.77,0.58,-2.69,-0.5,-3.65,-0.46,-0.06,-2.32,-6.55,0.17,-0.57,-2.52,-2.92,-5.73,-3.77,-1.59,0.05,-1.0,-1.29,-2.68,-1.24,-2.31,0.04,-1.0,-2.97,-0.0,0.5,-0.27,-0.06,-2.86,0.28,-3.99,-0.22,0,0.04,-2.77,-0.07,-3.87,-5.92,-2.19,-0.96,0.31,-2.91,0.36,-0.58,-0.97,-4.42,-0.68,-0.85,-1.06,-0.33,-0.71,0.14,0.1,-0.39,-2.11,-0.45,-4.91,-0.27,-4.69,-0.48,-0.35,-0.14,-1.31,0.38,0.35,-0.27,0.02
s67,2.55,-0.45,0.01,0.25,-1.63,0.19,-0.01,-0.89,-0.18,0.23,3.92,2.22,0.6,1.0,0.18,0.71,1.28,-0.25,0.96,2.98,2.55,0.8,1.47,-1.73,0.14,-0.84,1.21,0.35,2.8,0.92,0.03,-0.32,4.18,4.26,0.64,-0.22,-0.16,-0.11,0.38,-0.03,-2.78,-0.01,2.56,0.26,0.81,-2.26,-0.42,1.7,0.76,1.9,0.24,-0.72,-0.31,-0.48,0.28,-0.4,-0.7,0.03,4.14,-0.0,0.43,0.69,1.77,-1.1,2.6,0.04,0,0.65,2.44,-1.12,-2.18,1.32,-0.26,1.88,-0.86,2.92,1.15,1.02,-1.25,0.55,1.56,2.11,1.27,-0.04,0.02,2.75,0.02,0.59,0.15,-1.43,-0.12,-1.3,0.39,-0.15,-0.07,-0.58,0.12,3.13,3.44,-0.04
s68,-1.08,-0.07,1.17,0.08,-0.17,-0.05,0.16,0.17,1.28,-2.74,0.12,-1.1,-1.95,-0.54,-0.24,-1.53,-1.82,0.38,-0.75,-1.01,-0.73,-0.99,-0.57,0.59,0.07,0.55,0.03,-0.64,-0.7,-1.12,0.29,-0.0,-0.05,0.22,-0.0,2.44,-0.02,1.41,-1.98,0.23,-0.37,0.48,-0.2,0.06,0.01,-0.07,0.01,-0.04,-2.4,-0.25,0.06,0.78,1.25,0.7,-3.38,2.16,0.55,-1.85,0.17,0.61,-2.01,0.0,-1.99,0.28,-0.46,-2.77,0.65,0,-0.74,0.37,-0.27,0.02,1.43,-1.91,0.8,-0.86,-0.8,-0.46,0.13,-0.54,-0.47,-0.13,-1.11,0.66,2.54,-0.69,0.44,-0.02,-0.13,-0.05,2.28,-0.0,-0.64,2.34,2.41,2.39,3.18,-0.63,0.2,-2.11
s69,-0.03,-1.28,2.9,-0.08,-1.71,-1.2,-0.09,-0.73,2.29,-0.15,0.13,-0.02,0.16,0.28,1.29,0.3,-0.06,0.34,0.34,-0.01,0.0,0.42,0.09,-0.36,1.31,0.12,-0.72,0.92,0.01,0.32,0.73,-1.0,0.23,0.22,-0.67,3.39,-1.05,2.63,0.26,0.18,-2.28,2.43,-0.1,-0.28,-0.95,-1.66,-0.98,-0.37,-0.17,-0.13,0.77,0.66,1.97,0.77,-0.6,2.87,0.23,0.6,0.19,2.15,0.21,-0.84,-0.23,-0.6,-0.02,-0.07,2.44,-0.74,0,-0.43,-2.01,-0.62,2.3,-0.21,0.56,0.01,0.24,0.23,-0.98,0.67,0.03,-0.21,0.16,1.84,3.86,0.01,1.92,-0.17,1.39,-1.42,3.41,-1.27,0.86,3.4,3.59,2.88,4.46,0.04,-0.06,0.46
s70,-0.81,0.23,-0.73,-0.11,-0.04,0.44,-0.09,0.03,-0.26,-3.72,1.13,-0.96,-2.76,-0.87,-1.44,-2.28,-2.22,-0.18,-1.2,-0.58,-0.37,-1.62,-0.61,0.02,-1.07,-0.02,0.59,-1.67,-0.26,-1.68,-0.44,0.19,0.95,1.32,0.31,0.51,0.25,-0.29,-2.95,-0.19,-0.34,-1.33,0.38,0.0,0.57,-0.17,0.16,0.45,-3.08,0.09,-0.69,-0.03,-0.14,-0.13,-4.23,0.42,-0.05,-3.12,1.24,-0.97,-2.94,0.45,-2.14,0.0,0.0,-3.87,-1.12,0.37,-0.43,0,-0.18,0.55,-0.1,-2.0,0.01,-0.41,-1.13,-0.73,0.0,-1.3,-0.42,0.38,-1.43,-0.71,0.42,-0.26,-1.04,-0.05,-1.38,-0.01,0.32,0.01,-1.61,0.39,0.38,0.65,0.88,-0.07,1.18,-3.4
